;DOY;DATE;Q_glacier(m3/s);Q_lake(m3/s);Q_lake_offgl(m3/s);cumQ_lake(m3);cumQ_lake_offgl(m3);Vlake_meas(m3)
;-94;2018.7424;1.6338;0.1357;0.0000;0;0;711907
;-93;2018.7452;1.3723;0.1131;0.0000;0;0;711907
;-92;2018.7479;3.8639;0.4891;0.1803;0;0;711907
;-91;2018.7507;0.0000;0.0000;0.0000;0;0;711907
;-90;2018.7534;0.0000;0.0000;0.0000;0;0;711907
;-89;2018.7561;0.0271;0.0001;0.0000;0;0;711907
;-88;2018.7589;0.5942;0.0808;0.0330;0;0;711907
;-87;2018.7616;1.6426;0.1514;0.0141;0;0;711907
;-86;2018.7644;1.2956;0.1074;0.0003;0;0;711907
;-85;2018.7671;0.5062;0.0385;0.0000;0;0;711907
;-84;2018.7699;1.2573;0.1040;0.0000;0;0;711907
;-83;2018.7726;1.4961;0.1247;0.0000;0;0;711907
;-82;2018.7754;1.3465;0.1118;0.0000;0;0;711907
;-81;2018.7781;1.2259;0.1013;0.0000;0;0;711907
;-80;2018.7808;1.2808;0.1062;0.0000;0;0;711907
;-79;2018.7836;1.6002;0.1339;0.0000;0;0;711907
;-78;2018.7863;1.1935;0.0985;0.0000;0;0;711907
;-77;2018.7891;0.9166;0.0745;0.0000;0;0;711907
;-76;2018.7917;0.9483;0.0773;0.0000;0;0;711907
;-75;2018.7946;0.8879;0.0721;0.0000;0;0;711907
;-74;2018.7972;0.8961;0.0728;0.0000;0;0;711907
;-73;2018.8000;0.7717;0.0620;0.0000;0;0;711907
;-72;2018.8027;0.4994;0.0385;0.0000;0;0;711907
;-71;2018.8054;0.2568;0.0177;0.0000;0;0;711907
;-70;2018.8082;0.0000;0.0000;0.0000;0;0;711907
;-69;2018.8109;0.1456;0.0082;0.0000;0;0;711907
;-68;2018.8137;0.9758;0.0793;0.0000;0;0;711907
;-67;2018.8164;0.3006;0.0216;0.0000;0;0;711907
;-66;2018.8192;1.1222;0.1127;0.0315;0;0;711907
;-65;2018.8219;0.0000;0.0000;0.0000;0;0;711907
;-64;2018.8247;0.0000;0.0000;0.0000;0;0;711907
;-63;2018.8274;0.0000;0.0000;0.0000;0;0;711907
;-62;2018.8301;0.0000;0.0000;0.0000;0;0;711907
;-61;2018.8329;0.0000;0.0000;0.0000;0;0;711907
;-60;2018.8356;0.0000;0.0000;0.0000;0;0;711907
;-59;2018.8384;0.0000;0.0000;0.0000;0;0;711907
;-58;2018.8411;0.0235;0.0002;0.0001;0;0;711907
;-57;2018.8439;0.3191;0.0415;0.0173;0;0;711907
;-56;2018.8466;0.3154;0.0410;0.0172;0;0;711907
;-55;2018.8494;0.2935;0.0192;0.0053;0;0;711907
;-54;2018.8521;0.0724;0.0050;0.0012;0;0;711907
;-53;2018.8547;0.0014;0.0000;0.0000;0;0;711907
;-52;2018.8575;0.1439;0.0147;0.0050;0;0;711907
;-51;2018.8602;0.2504;0.0282;0.0107;0;0;711907
;-50;2018.8630;0.1817;0.0204;0.0077;0;0;711907
;-49;2018.8657;0.3116;0.0411;0.0177;0;0;711907
;-48;2018.8685;0.0608;0.0035;0.0008;0;0;711907
;-47;2018.8712;0.0021;0.0000;0.0000;0;0;711907
;-46;2018.8740;0.0000;0.0000;0.0000;0;0;711907
;-45;2018.8767;0.0000;0.0000;0.0000;0;0;711907
;-44;2018.8794;0.0000;0.0000;0.0000;0;0;711907
;-43;2018.8822;0.0000;0.0000;0.0000;0;0;711907
;-42;2018.8849;0.0000;0.0000;0.0000;0;0;711907
;-41;2018.8877;0.0000;0.0000;0.0000;0;0;711907
;-40;2018.8904;0.0000;0.0000;0.0000;0;0;711907
;-39;2018.8932;0.0000;0.0000;0.0000;0;0;711907
;-38;2018.8959;0.0000;0.0000;0.0000;0;0;711907
;-37;2018.8987;0.0000;0.0000;0.0000;0;0;711907
;-36;2018.9014;0.0000;0.0000;0.0000;0;0;711907
;-35;2018.9041;0.0000;0.0000;0.0000;0;0;711907
;-34;2018.9069;0.0000;0.0000;0.0000;0;0;711907
;-33;2018.9095;0.0000;0.0000;0.0000;0;0;711907
;-32;2018.9124;0.0000;0.0000;0.0000;0;0;711907
;-31;2018.9150;0.0000;0.0000;0.0000;0;0;711907
;-30;2018.9178;0.0000;0.0000;0.0000;0;0;711907
;-29;2018.9205;0.0000;0.0000;0.0000;0;0;711907
;-28;2018.9233;0.0000;0.0000;0.0000;0;0;711907
;-27;2018.9260;0.0000;0.0000;0.0000;0;0;711907
;-26;2018.9287;0.0000;0.0000;0.0000;0;0;711907
;-25;2018.9315;0.0000;0.0000;0.0000;0;0;711907
;-24;2018.9342;0.0000;0.0000;0.0000;0;0;711907
;-23;2018.9370;0.0000;0.0000;0.0000;0;0;711907
;-22;2018.9397;0.0000;0.0000;0.0000;0;0;711907
;-21;2018.9425;0.0000;0.0000;0.0000;0;0;711907
;-20;2018.9452;0.0000;0.0000;0.0000;0;0;711907
;-19;2018.9480;0.0000;0.0000;0.0000;0;0;711907
;-18;2018.9507;0.0000;0.0000;0.0000;0;0;711907
;-17;2018.9534;0.0000;0.0000;0.0000;0;0;711907
;-16;2018.9562;0.0000;0.0000;0.0000;0;0;711907
;-15;2018.9589;0.0000;0.0000;0.0000;0;0;711907
;-14;2018.9617;0.0000;0.0000;0.0000;0;0;711907
;-13;2018.9644;0.0000;0.0000;0.0000;0;0;711907
;-12;2018.9672;0.0000;0.0000;0.0000;0;0;711907
;-11;2018.9698;0.0000;0.0000;0.0000;0;0;711907
;-10;2018.9727;0.0000;0.0000;0.0000;0;0;711907
;-9;2018.9753;0.0000;0.0000;0.0000;0;0;711907
;-8;2018.9780;0.0000;0.0000;0.0000;0;0;711907
;-7;2018.9808;0.0000;0.0000;0.0000;0;0;711907
;-6;2018.9835;0.0000;0.0000;0.0000;0;0;711907
;-5;2018.9863;0.0000;0.0000;0.0000;0;0;711907
;-4;2018.9890;0.0000;0.0000;0.0000;0;0;711907
;-3;2018.9918;0.0000;0.0000;0.0000;0;0;711907
;-2;2018.9945;0.0000;0.0000;0.0000;0;0;711907
;-1;2018.9973;0.0000;0.0000;0.0000;0;0;711907
;0;2019.0000;0.0000;0.0000;0.0000;0;0;711907
;1;2019.0027;0.0000;0.0000;0.0000;0;0;711907
;2;2019.0055;0.0000;0.0000;0.0000;0;0;711907
;3;2019.0082;0.0000;0.0000;0.0000;0;0;711907
;4;2019.0110;0.0000;0.0000;0.0000;0;0;711907
;5;2019.0137;0.0000;0.0000;0.0000;0;0;711907
;6;2019.0165;0.0000;0.0000;0.0000;0;0;711907
;7;2019.0192;0.0000;0.0000;0.0000;0;0;711907
;8;2019.0220;0.0000;0.0000;0.0000;0;0;711907
;9;2019.0247;0.0000;0.0000;0.0000;0;0;711907
;10;2019.0273;0.0000;0.0000;0.0000;0;0;711907
;11;2019.0302;0.0000;0.0000;0.0000;0;0;711907
;12;2019.0328;0.0000;0.0000;0.0000;0;0;711907
;13;2019.0356;0.0000;0.0000;0.0000;0;0;711907
;14;2019.0383;0.0000;0.0000;0.0000;0;0;711907
;15;2019.0411;0.0000;0.0000;0.0000;0;0;711907
;16;2019.0438;0.0000;0.0000;0.0000;0;0;711907
;17;2019.0466;0.0000;0.0000;0.0000;0;0;711907
;18;2019.0493;0.0000;0.0000;0.0000;0;0;711907
;19;2019.0520;0.0000;0.0000;0.0000;0;0;711907
;20;2019.0548;0.0000;0.0000;0.0000;0;0;711907
;21;2019.0575;0.0000;0.0000;0.0000;0;0;711907
;22;2019.0603;0.0000;0.0000;0.0000;0;0;711907
;23;2019.0630;0.0000;0.0000;0.0000;0;0;711907
;24;2019.0658;0.0000;0.0000;0.0000;0;0;711907
;25;2019.0685;0.0000;0.0000;0.0000;0;0;711907
;26;2019.0713;0.0000;0.0000;0.0000;0;0;711907
;27;2019.0740;0.0000;0.0000;0.0000;0;0;711907
;28;2019.0767;0.0000;0.0000;0.0000;0;0;711907
;29;2019.0795;0.0000;0.0000;0.0000;0;0;711907
;30;2019.0822;0.0000;0.0000;0.0000;0;0;711907
;31;2019.0850;0.0000;0.0000;0.0000;0;0;711907
;32;2019.0876;0.0000;0.0000;0.0000;0;0;711907
;33;2019.0905;0.0000;0.0000;0.0000;0;0;711907
;34;2019.0931;0.0000;0.0000;0.0000;0;0;711907
;35;2019.0959;0.0000;0.0000;0.0000;0;0;711907
;36;2019.0986;0.0000;0.0000;0.0000;0;0;711907
;37;2019.1013;0.0000;0.0000;0.0000;0;0;711907
;38;2019.1041;0.0000;0.0000;0.0000;0;0;711907
;39;2019.1068;0.0000;0.0000;0.0000;0;0;711907
;40;2019.1096;0.0000;0.0000;0.0000;0;0;711907
;41;2019.1123;0.0000;0.0000;0.0000;0;0;711907
;42;2019.1151;0.0000;0.0000;0.0000;0;0;711907
;43;2019.1178;0.0000;0.0000;0.0000;0;0;711907
;44;2019.1206;0.0000;0.0000;0.0000;0;0;711907
;45;2019.1233;0.0000;0.0000;0.0000;0;0;711907
;46;2019.1260;0.0000;0.0000;0.0000;0;0;711907
;47;2019.1288;0.0000;0.0000;0.0000;0;0;711907
;48;2019.1315;0.0000;0.0000;0.0000;0;0;711907
;49;2019.1343;0.0000;0.0000;0.0000;0;0;711907
;50;2019.1370;0.0000;0.0000;0.0000;0;0;711907
;51;2019.1398;0.0000;0.0000;0.0000;0;0;711907
;52;2019.1425;0.0000;0.0000;0.0000;0;0;711907
;53;2019.1453;0.0000;0.0000;0.0000;0;0;711907
;54;2019.1479;0.0000;0.0000;0.0000;0;0;711907
;55;2019.1506;0.0000;0.0000;0.0000;0;0;711907
;56;2019.1534;0.0000;0.0000;0.0000;0;0;711907
;57;2019.1561;0.0009;0.0000;0.0000;0;0;711907
;58;2019.1589;0.0056;0.0000;0.0000;0;0;711907
;59;2019.1616;0.0024;0.0000;0.0000;0;0;711907
;60;2019.1644;0.0000;0.0000;0.0000;0;0;711907
;61;2019.1671;0.0000;0.0000;0.0000;0;0;711907
;62;2019.1699;0.0000;0.0000;0.0000;0;0;711907
;63;2019.1726;0.0000;0.0000;0.0000;0;0;711907
;64;2019.1753;0.0000;0.0000;0.0000;0;0;711907
;65;2019.1781;0.0000;0.0000;0.0000;0;0;711907
;66;2019.1808;0.0000;0.0000;0.0000;0;0;711907
;67;2019.1836;0.0000;0.0000;0.0000;0;0;711907
;68;2019.1863;0.0000;0.0000;0.0000;0;0;711907
;69;2019.1891;0.0000;0.0000;0.0000;0;0;711907
;70;2019.1918;0.0000;0.0000;0.0000;0;0;711907
;71;2019.1946;0.0000;0.0000;0.0000;0;0;711907
;72;2019.1973;0.0000;0.0000;0.0000;0;0;711907
;73;2019.2000;0.0000;0.0000;0.0000;0;0;711907
;74;2019.2028;0.0000;0.0000;0.0000;0;0;711907
;75;2019.2054;0.0000;0.0000;0.0000;0;0;711907
;76;2019.2083;0.0000;0.0000;0.0000;0;0;711907
;77;2019.2109;0.0000;0.0000;0.0000;0;0;711907
;78;2019.2137;0.0000;0.0000;0.0000;0;0;711907
;79;2019.2164;0.0000;0.0000;0.0000;0;0;711907
;80;2019.2192;0.0000;0.0000;0.0000;0;0;711907
;81;2019.2219;0.0000;0.0000;0.0000;0;0;711907
;82;2019.2246;0.0003;0.0000;0.0000;0;0;711907
;83;2019.2274;0.0216;0.0000;0.0000;0;0;711907
;84;2019.2301;0.0000;0.0000;0.0000;0;0;711907
;85;2019.2329;0.0000;0.0000;0.0000;0;0;711907
;86;2019.2356;0.0000;0.0000;0.0000;0;0;711907
;87;2019.2384;0.0000;0.0000;0.0000;0;0;711907
;88;2019.2411;0.0000;0.0000;0.0000;0;0;711907
;89;2019.2439;0.0000;0.0000;0.0000;0;0;711907
;90;2019.2466;0.0002;0.0000;0.0000;0;0;711907
;91;2019.2493;0.0031;0.0000;0.0000;0;0;711907
;92;2019.2521;0.0000;0.0000;0.0000;0;0;711907
;93;2019.2548;0.0000;0.0000;0.0000;0;0;711907
;94;2019.2576;0.0000;0.0000;0.0000;0;0;711907
;95;2019.2603;0.0000;0.0000;0.0000;0;0;711907
;96;2019.2631;0.0000;0.0000;0.0000;0;0;711907
;97;2019.2657;0.0000;0.0000;0.0000;0;0;711907
;98;2019.2684;0.0000;0.0000;0.0000;0;0;711907
;99;2019.2712;0.0000;0.0000;0.0000;0;0;711907
;100;2019.2739;0.0000;0.0000;0.0000;0;0;711907
;101;2019.2767;0.0000;0.0000;0.0000;0;0;711907
;102;2019.2794;0.0000;0.0000;0.0000;0;0;711907
;103;2019.2822;0.0000;0.0000;0.0000;0;0;711907
;104;2019.2849;0.0000;0.0000;0.0000;0;0;711907
;105;2019.2877;0.0000;0.0000;0.0000;0;0;711907
;106;2019.2904;0.0000;0.0000;0.0000;0;0;711907
;107;2019.2931;0.0730;0.0018;0.0005;155;39;711907
;108;2019.2959;0.3720;0.0398;0.0137;3592;1219;711907
;109;2019.2986;0.3494;0.0364;0.0122;6737;2277;711907
;110;2019.3014;0.5310;0.0632;0.0239;12195;4342;711907
;111;2019.3041;0.7925;0.1032;0.0421;21108;7983;711907
;112;2019.3069;0.7202;0.0919;0.0370;29046;11178;711907
;113;2019.3096;0.2551;0.0229;0.0069;31027;11771;711907
;114;2019.3124;0.0298;0.0000;0.0000;31027;11771;711907
;115;2019.3151;0.0778;0.0005;0.0002;31069;11785;711907
;116;2019.3177;0.0000;0.0000;0.0000;31069;11785;711907
;117;2019.3206;0.0000;0.0000;0.0000;31069;11785;711907
;118;2019.3232;0.0000;0.0000;0.0000;31069;11785;711907
;119;2019.3260;0.0000;0.0000;0.0000;31069;11785;711907
;120;2019.3287;0.0000;0.0000;0.0000;31069;11785;711907
;121;2019.3315;0.0043;0.0000;0.0000;31069;11785;711907
;122;2019.3342;0.0000;0.0000;0.0000;31069;11785;711907
;123;2019.3370;0.0000;0.0000;0.0000;31069;11785;711907
;124;2019.3397;0.0000;0.0000;0.0000;31069;11785;711907
;125;2019.3424;0.0000;0.0000;0.0000;31069;11785;711907
;126;2019.3452;0.0000;0.0000;0.0000;31069;11785;711907
;127;2019.3479;0.0000;0.0000;0.0000;31069;11785;711907
;128;2019.3507;0.0000;0.0000;0.0000;31069;11785;711907
;129;2019.3534;0.0000;0.0000;0.0000;31069;11785;711907
;130;2019.3562;0.0034;0.0000;0.0000;31069;11785;711907
;131;2019.3589;0.0000;0.0000;0.0000;31069;11785;711907
;132;2019.3617;0.0000;0.0000;0.0000;31069;11785;711907
;133;2019.3644;0.0000;0.0000;0.0000;31069;11785;711907
;134;2019.3671;0.0000;0.0000;0.0000;31069;11785;711907
;135;2019.3699;0.0000;0.0000;0.0000;31069;11785;711907
;136;2019.3726;0.0000;0.0000;0.0000;31069;11785;711907
;137;2019.3754;0.0112;0.0000;0.0000;31069;11785;711907
;138;2019.3781;0.0001;0.0000;0.0000;31069;11785;711907
;139;2019.3809;0.0000;0.0000;0.0000;31069;11785;711907
;140;2019.3835;0.0000;0.0000;0.0000;31069;11785;711907
;141;2019.3864;0.0012;0.0000;0.0000;31069;11785;711907
;142;2019.3890;0.2077;0.0151;0.0041;32373;12137;711907
;143;2019.3917;0.7522;0.0930;0.0374;40406;15372;711907
;144;2019.3945;1.1185;0.1486;0.0632;53245;20832;711907
;145;2019.3972;0.5965;0.0653;0.0240;58887;22907;711907
;146;2019.4000;0.1200;0.0050;0.0012;59322;23013;711907
;147;2019.4027;1.1418;0.1370;0.0545;71157;27720;711907
;148;2019.4055;0.0000;0.0000;0.0000;71157;27720;711907
;149;2019.4082;0.0000;0.0000;0.0000;71157;27720;711907
;150;2019.4110;0.0681;0.0007;0.0002;71214;27738;711907
;151;2019.4137;1.1386;0.1511;0.0644;84269;33301;711907
;152;2019.4164;1.9860;0.2797;0.1240;108432;44015;711907
;153;2019.4192;2.5481;0.3649;0.1635;139960;58146;711907
;154;2019.4219;2.4907;0.3561;0.1595;170728;71925;711907
;155;2019.4247;3.0242;0.4370;0.1970;208485;88948;711907
;156;2019.4274;2.5304;0.3620;0.1622;239760;102965;711907
;157;2019.4302;0.0763;0.0011;0.0003;239853;102993;711907
;158;2019.4329;1.5061;0.2065;0.0901;257690;110776;711907
;159;2019.4357;1.0072;0.1307;0.0550;268984;115524;711907
;160;2019.4384;2.6336;0.3691;0.1627;300876;129583;711907
;161;2019.4410;4.1180;0.3459;0.1088;330766;138988;711907
;162;2019.4438;0.0005;0.0000;0.0000;330766;138988;711907
;163;2019.4465;0.2021;0.0131;0.0034;331898;139285;711907
;164;2019.4493;1.2324;0.1647;0.0708;346129;145398;711907
;165;2019.4520;2.4926;0.3557;0.1595;376865;159176;711907
;166;2019.4548;3.0923;0.4536;0.2102;416056;177336;711907
;167;2019.4575;1.1399;0.1506;0.0642;429072;182885;711907
;168;2019.4603;2.3383;0.3323;0.1486;457783;195724;711907
;169;2019.4630;2.6159;0.3746;0.1684;490149;210277;711907
;170;2019.4657;3.0730;0.4457;0.2028;528653;227796;711907
;171;2019.4685;2.2674;0.3242;0.1468;556662;240480;720114
;172;2019.4712;7.8260;1.1881;0.5652;659316;289312;723182
;173;2019.4740;1.5024;0.2056;0.0901;677079;297099;710783
;174;2019.4767;2.2747;0.3227;0.1441;704957;309551;750270
;175;2019.4795;3.5655;0.5183;0.2350;749741;329856;743983
;176;2019.4822;4.5713;0.6708;0.3058;807701;356280;762007
;177;2019.4850;4.8202;0.6761;0.2908;866112;381407;787383
;178;2019.4877;5.0366;0.6551;0.2522;922713;403202;818343
;179;2019.4904;4.6239;0.5237;0.1543;967958;416533;843526
;180;2019.4932;4.3056;0.4356;0.0920;1005590;424478;879770
;181;2019.4958;5.5609;0.5863;0.1417;1056248;436725;920573
;182;2019.4987;8.9505;1.1359;0.4201;1154391;473023;966226
;183;2019.5013;5.2103;0.6354;0.2209;1209285;492111;994423
;184;2019.5042;4.6820;0.5639;0.1920;1258010;508704;1060688
;185;2019.5068;2.5720;0.2111;0.0081;1276251;509406;1112468
;186;2019.5096;3.1906;0.2613;0.0080;1298830;510096;1112468
;187;2019.5123;3.2072;0.2676;0.0129;1321947;511209;1112468
;188;2019.5150;3.8407;0.4152;0.1103;1357817;520743;1302447
;189;2019.5178;2.5227;0.2025;0.0033;1375312;521024;1302447
;190;2019.5205;2.2703;0.1810;0.0023;1390951;521220;1303541
;191;2019.5233;1.9570;0.1551;0.0018;1404355;521377;1330497
;192;2019.5260;1.8295;0.1446;0.0016;1416848;521514;1360776
;193;2019.5288;2.1934;0.1747;0.0020;1431939;521683;1375492
;194;2019.5315;2.0042;0.1589;0.0015;1445665;521813;1367540
;195;2019.5343;4.5034;0.5738;0.2163;1495244;540505;1346701
;196;2019.5370;0.8060;0.0601;0.0003;1500433;540528;1304717
;197;2019.5397;1.9271;0.1521;0.0008;1513578;540600;1255184
;198;2019.5425;2.4361;0.1936;0.0007;1530308;540661;1214478
;199;2019.5452;2.3682;0.1881;0.0006;1546559;540713;1176655
;200;2019.5480;2.6014;0.2069;0.0003;1564437;540737;1143561
;201;2019.5507;4.0081;0.3826;0.0621;1597490;546100;1110886
;202;2019.5535;3.0322;0.2421;0.0000;1618408;546100;1076822
;203;2019.5562;3.4385;0.2755;0.0000;1642210;546100;1047305
;204;2019.5590;4.0194;0.3232;0.0000;1670135;546100;1013579
;205;2019.5616;4.3000;0.3464;0.0000;1700059;546100;972181
;206;2019.5643;4.2245;0.3404;0.0000;1729467;546100;930690
;207;2019.5671;8.9803;1.1492;0.4287;1828756;583135;883879
;208;2019.5698;2.5582;0.2540;0.0512;1850706;587557;838450
;209;2019.5726;1.5676;0.1586;0.0366;1864409;590724;796827
;210;2019.5753;1.6956;0.1512;0.0178;1877470;592263;775786
;211;2019.5781;2.3873;0.1897;0.0000;1893860;592263;762261
;212;2019.5808;1.8729;0.1465;0.0000;1906515;592263;734779
;213;2019.5836;2.7013;0.2398;0.0277;1927237;594658;712715
;214;2019.5863;2.1231;0.2014;0.0363;1944638;597790;694755
;215;2019.5890;2.1531;0.1728;0.0000;1959567;597790;687635
;216;2019.5918;2.7371;0.2489;0.0021;1981074;597975;693235
;217;2019.5945;3.5419;0.3438;0.0021;2010782;598159;696887
;218;2019.5973;6.4001;0.8184;0.2452;2081495;619348;690449
;219;2019.6000;4.1198;0.5231;0.1642;2126690;633536;707932
;220;2019.6028;3.0326;0.2836;0.0000;2151195;633536;698240
;221;2019.6055;6.7969;0.7209;0.1237;2213478;644223;690973
;222;2019.6083;4.4047;0.4207;0.0448;2249823;648092;702917
;223;2019.6110;9.8283;1.2490;0.4393;2357738;686049;696517
;224;2019.6136;3.4860;0.3943;0.1122;2391805;695744;710974
;225;2019.6165;1.3543;0.1071;0.0010;2401060;695828;666649
;226;2019.6191;1.5840;0.1256;0.0000;2411908;695831;650260
;227;2019.6219;2.5939;0.2111;0.0000;2430144;695831;649157
;228;2019.6246;2.4095;0.1943;0.0000;2446930;695831;649544
;229;2019.6274;4.3331;0.3562;0.0000;2477703;695831;658165
;230;2019.6301;11.1045;1.3182;0.4137;2591598;731577;673917
;231;2019.6329;7.1399;0.9013;0.3263;2669472;759768;721494
;232;2019.6356;6.2282;0.8016;0.3051;2738728;786125;719298
;233;2019.6383;1.7908;0.1781;0.0363;2754113;789259;683734
;234;2019.6411;2.9538;0.2551;0.0147;2776157;790530;672892
;235;2019.6438;3.3297;0.2726;0.0000;2799712;790530;638321
;236;2019.6466;3.6113;0.2968;0.0000;2825357;790530;564712
;237;2019.6493;3.7140;0.3057;0.0000;2851769;790530;452845
;238;2019.6521;3.9870;0.3291;0.0000;2880202;790530;283732
;239;2019.6548;4.1256;0.3413;0.0000;2909688;790530;22521
;240;2019.6576;3.7932;0.3133;0.0000;2936757;790530;7544
;241;2019.6603;3.9717;0.3287;0.0000;2965161;790530;7544
;242;2019.6630;3.8939;0.3227;0.0000;2993041;790530;7544
;243;2019.6658;4.0965;0.3544;0.0149;3023659;791820;7544
;244;2019.6685;3.2644;0.2978;0.0299;3049389;794400;7544
;245;2019.6713;1.9902;0.1616;0.0000;3063350;794400;7544
;246;2019.6740;2.1719;0.1773;0.0000;3078672;794400;7544
;247;2019.6768;2.8276;0.2337;0.0000;3098860;794400;7544
;248;2019.6794;0.9310;0.0724;0.0012;3105116;794501;7544
;249;2019.6823;0.0095;0.0000;0.0000;3105116;794501;7544
;250;2019.6849;0.4493;0.0370;0.0074;3108315;795139;7544
;251;2019.6876;0.0001;0.0000;0.0000;3108315;795139;7544
;252;2019.6904;0.0053;0.0000;0.0000;3108315;795139;7544
;253;2019.6931;0.6395;0.0834;0.0333;3115520;798018;7544
;254;2019.6959;1.5146;0.1228;0.0000;3126128;798018;7544
;255;2019.6986;2.0094;0.1656;0.0000;3140436;798018;7544
;256;2019.7014;2.7093;0.2262;0.0000;3159975;798018;7544
;257;2019.7041;3.0349;0.2545;0.0000;3181967;798018;7544
;258;2019.7069;3.1405;0.2639;0.0000;3204769;798018;7544
;259;2019.7096;3.1031;0.2610;0.0000;3227322;798018;7544
;260;2019.7123;2.9279;0.2462;0.0000;3248597;798018;7544
;261;2019.7151;1.4622;0.1196;0.0000;3258928;798018;7544
;262;2019.7178;1.2424;0.1007;0.0000;3267628;798018;7544
;263;2019.7206;1.4259;0.1168;0.0000;3277716;798018;7544
;264;2019.7233;2.0633;0.1723;0.0000;3292600;798018;7544
;265;2019.7261;3.3838;0.3669;0.0874;3324301;805573;7544
;266;2019.7288;0.7331;0.0571;0.0000;3329232;805573;7544
;267;2019.7316;0.6931;0.0558;0.0048;3334057;805989;7544
;268;2019.7343;1.6607;0.2082;0.0750;3352043;812471;7544
;269;2019.7369;0.9373;0.0809;0.0066;3359030;813042;7544
;270;2019.7397;1.7789;0.2028;0.0547;3376555;817772;7544
;271;2019.7424;0.9534;0.0768;0.0000;3383190;817772;7544
;272;2019.7452;1.9401;0.1627;0.0000;3397251;817772;7544
;273;2019.7479;1.6520;0.1378;0.0000;3409158;817772;7544
